82
44
52
12
67
9
1
87
31
57
11
38
58
95
22
66
80
18
35
34
61
68
65
17
83
14
70
75
74
24
86
63
98
96
55
2
21
29
50
60
30
46
33
53
51
7
27
6
85
78
37
40
59
8
99
3
47
23
19
71
64
94
76
54
20
72
84
77
10
36
97
79
89
13
49
15
48
91
56
16
45
4
5
42
41
92
69
73
26
81
32
28
43
88
93
25
39
62
90
50
101
57
11
38
58
95
22
66
80
18
35
34
61
68
65
17
83
14
70
75
74
24
86
63
98
96
55
2
21
29
50
60
30
46
33
53
51
7
27
6
85
78
37
40
59
8
99
3
47
23
19
71
64
94
76
54
20
72
84
77
10
36
97
79
89
13
49
15
48
91
56
16
45
4
5
42
41
92
69
73
